0.125 0.125 0.125 0.125 0.125 0.125 0.125 0.125
0.125 0.125 0.125 0.125 0.125 0.125 0.125 0.125
0.125 0.125 0.125 0.125 0.125 0.125 0.125 0.125
0.125 0.125 0.125 0.125 0.125 0.125 0.125 0.125
0.125 0.125 0.125 0.125 0.125 0.125 0.125 0.125
0.125 0.125 0.125 0.125 0.125 0.125 0.125 0.125
0.125 0.125 0.125 0.125 0.125 0.125 0.125 0.125
0.125 0.125 0.125 0.125 0.125 0.125 0.125 0.125
0.777777771975 0.111111111235 1.11111110123e-09 0.111111111235 1.11111110123e-09 1.11111110123e-09 1.11111110123e-09 1.11111110123e-09
7.14285710204e-10 0.785714281939 7.14285710204e-10 0.214285713776 7.14285710204e-10 7.14285710204e-10 7.14285710204e-10 7.14285710204e-10
7.69230764497e-10 0.230769230118 0.769230765266 7.69230764497e-10 7.69230764497e-10 7.69230764497e-10 7.69230764497e-10 7.69230764497e-10
1.11111110123e-09 0.222222221358 1.11111110123e-09 0.777777771975 1.11111110123e-09 1.11111110123e-09 1.11111110123e-09 1.11111110123e-09
7.69230764497e-10 7.69230764497e-10 7.69230764497e-10 7.69230764497e-10 0.923076918166 7.69230764497e-10 0.0769230772189 7.69230764497e-10
8.33333327778e-10 8.33333327778e-10 8.33333327778e-10 8.33333327778e-10 8.33333327778e-10 0.999999994167 8.33333327778e-10 8.33333327778e-10
4.99999998e-10 4.99999998e-10 4.99999998e-10 4.99999998e-10 4.99999998e-10 4.99999998e-10 0.9999999965 4.99999998e-10
5.55555553086e-10 5.55555553086e-10 5.55555553086e-10 5.55555553086e-10 0.166666666481 0.0555555558642 0.22222222179 0.555555553642
0.125 0.125 0.125 0.125 0.125 0.125 0.125 0.125
0.125 0.125 0.125 0.125 0.125 0.125 0.125 0.125
0.125 0.125 0.125 0.125 0.125 0.125 0.125 0.125
0.125 0.125 0.125 0.125 0.125 0.125 0.125 0.125
0.125 0.125 0.125 0.125 0.125 0.125 0.125 0.125
0.125 0.125 0.125 0.125 0.125 0.125 0.125 0.125
0.125 0.125 0.125 0.125 0.125 0.125 0.125 0.125
0.125 0.125 0.125 0.125 0.125 0.125 0.125 0.125
0.999999965 4.9999998e-09 4.9999998e-09 4.9999998e-09 4.9999998e-09 4.9999998e-09 4.9999998e-09 4.9999998e-09
4.9999998e-09 4.9999998e-09 4.9999998e-09 0.999999965 4.9999998e-09 4.9999998e-09 4.9999998e-09 4.9999998e-09
0.125 0.125 0.125 0.125 0.125 0.125 0.125 0.125
9.9999992e-09 9.9999992e-09 9.9999992e-09 0.99999993 9.9999992e-09 9.9999992e-09 9.9999992e-09 9.9999992e-09
9.9999992e-09 9.9999992e-09 9.9999992e-09 9.9999992e-09 0.99999993 9.9999992e-09 9.9999992e-09 9.9999992e-09
4.9999998e-09 4.9999998e-09 4.9999998e-09 4.9999998e-09 4.9999998e-09 0.999999965 4.9999998e-09 4.9999998e-09
4.9999998e-09 4.9999998e-09 4.9999998e-09 4.9999998e-09 4.9999998e-09 4.9999998e-09 0.499999985 0.499999985
4.9999998e-09 4.9999998e-09 4.9999998e-09 4.9999998e-09 4.9999998e-09 4.9999998e-09 0.499999985 0.499999985
0.3749999975 0.125 1.2499999875e-09 0.49999999625 1.2499999875e-09 1.2499999875e-09 1.2499999875e-09 1.2499999875e-09
1.2499999875e-09 0.74999999375 0.24999999875 1.2499999875e-09 1.2499999875e-09 1.2499999875e-09 1.2499999875e-09 1.2499999875e-09
1.2499999875e-09 1.2499999875e-09 0.99999999125 1.2499999875e-09 1.2499999875e-09 1.2499999875e-09 1.2499999875e-09 1.2499999875e-09
1.999999968e-09 0.1999999988 1.999999968e-09 0.7999999892 1.999999968e-09 1.999999968e-09 1.999999968e-09 1.999999968e-09
0.1000000002 9.99999992e-10 9.99999992e-10 9.99999992e-10 0.3999999978 9.99999992e-10 0.3999999978 0.1000000002
1.2499999875e-09 1.2499999875e-09 1.2499999875e-09 1.2499999875e-09 1.2499999875e-09 0.99999999125 1.2499999875e-09 1.2499999875e-09
1.11111110123e-09 1.11111110123e-09 1.11111110123e-09 1.11111110123e-09 1.11111110123e-09 1.11111110123e-09 0.999999992222 1.11111110123e-09
7.14285710204e-10 0.0714285717347 7.14285710204e-10 7.14285710204e-10 7.14285710204e-10 0.214285713776 0.214285713776 0.499999997857
0.999999988333 1.66666664444e-09 1.66666664444e-09 1.66666664444e-09 1.66666664444e-09 1.66666664444e-09 1.66666664444e-09 1.66666664444e-09
1.999999968e-09 1.999999968e-09 0.1999999988 0.7999999892 1.999999968e-09 1.999999968e-09 1.999999968e-09 1.999999968e-09
9.99999992e-10 9.99999992e-10 0.8999999938 0.1000000002 9.99999992e-10 9.99999992e-10 9.99999992e-10 9.99999992e-10
1.66666664444e-09 1.66666664444e-09 0.166666666111 0.833333323889 1.66666664444e-09 1.66666664444e-09 1.66666664444e-09 1.66666664444e-09
2.49999995e-09 2.49999995e-09 2.49999995e-09 0.2499999975 0.4999999925 2.49999995e-09 2.49999995e-09 0.2499999975
1.999999968e-09 1.999999968e-09 1.999999968e-09 1.999999968e-09 1.999999968e-09 0.7999999892 1.999999968e-09 0.1999999988
1.2499999875e-09 1.2499999875e-09 1.2499999875e-09 1.2499999875e-09 1.2499999875e-09 1.2499999875e-09 0.99999999125 1.2499999875e-09
1.66666664444e-09 1.66666664444e-09 1.66666664444e-09 1.66666664444e-09 0.166666666111 1.66666664444e-09 0.499999995 0.333333330556
0.666666659444 0.166666666111 1.66666664444e-09 0.166666666111 1.66666664444e-09 1.66666664444e-09 1.66666664444e-09 1.66666664444e-09
9.99999992e-10 0.6999999954 0.2999999986 9.99999992e-10 9.99999992e-10 9.99999992e-10 9.99999992e-10 9.99999992e-10
7.69230764497e-10 0.0769230772189 0.923076918166 7.69230764497e-10 7.69230764497e-10 7.69230764497e-10 7.69230764497e-10 7.69230764497e-10
9.09090902479e-10 0.181818181405 9.09090902479e-10 0.81818181314 9.09090902479e-10 9.09090902479e-10 9.09090902479e-10 9.09090902479e-10
5.88235291349e-10 5.88235291349e-10 5.88235291349e-10 5.88235291349e-10 0.882352937612 5.88235291349e-10 0.117647058858 5.88235291349e-10
1.999999968e-09 1.999999968e-09 1.999999968e-09 1.999999968e-09 0.1999999988 0.7999999892 1.999999968e-09 1.999999968e-09
9.99999992e-10 9.99999992e-10 9.99999992e-10 9.99999992e-10 9.99999992e-10 9.99999992e-10 0.999999993 9.99999992e-10
7.69230764497e-10 7.69230764497e-10 7.69230764497e-10 7.69230764497e-10 0.307692306568 7.69230764497e-10 0.384615383018 0.307692306568
0.5999999924 1.999999968e-09 1.999999968e-09 0.3999999956 1.999999968e-09 1.999999968e-09 1.999999968e-09 1.999999968e-09
1.42857141224e-09 0.285714283878 0.714285707551 1.42857141224e-09 1.42857141224e-09 1.42857141224e-09 1.42857141224e-09 1.42857141224e-09
1.2499999875e-09 0.125 0.8749999925 1.2499999875e-09 1.2499999875e-09 1.2499999875e-09 1.2499999875e-09 1.2499999875e-09
0.142857142653 0.428571425102 1.42857141224e-09 0.428571425102 1.42857141224e-09 1.42857141224e-09 1.42857141224e-09 1.42857141224e-09
1.42857141224e-09 1.42857141224e-09 1.42857141224e-09 1.42857141224e-09 0.857142848776 0.142857142653 1.42857141224e-09 1.42857141224e-09
1.11111110123e-09 1.11111110123e-09 1.11111110123e-09 1.11111110123e-09 1.11111110123e-09 0.999999992222 1.11111110123e-09 1.11111110123e-09
1.42857141224e-09 1.42857141224e-09 1.42857141224e-09 1.42857141224e-09 1.42857141224e-09 1.42857141224e-09 0.99999999 1.42857141224e-09
8.33333327778e-10 8.33333327778e-10 8.33333327778e-10 8.33333327778e-10 0.249999999167 8.33333327778e-10 0.166666666389 0.583333330278
0.99999999125 1.2499999875e-09 1.2499999875e-09 1.2499999875e-09 1.2499999875e-09 1.2499999875e-09 1.2499999875e-09 1.2499999875e-09
8.33333327778e-10 0.749999995833 0.166666666389 0.0833333336111 8.33333327778e-10 8.33333327778e-10 8.33333327778e-10 8.33333327778e-10
1.66666664444e-09 1.66666664444e-09 0.999999988333 1.66666664444e-09 1.66666664444e-09 1.66666664444e-09 1.66666664444e-09 1.66666664444e-09
0.0833333336111 0.416666664722 8.33333327778e-10 0.4999999975 8.33333327778e-10 8.33333327778e-10 8.33333327778e-10 8.33333327778e-10
9.99999992e-10 9.99999992e-10 9.99999992e-10 9.99999992e-10 0.999999993 9.99999992e-10 9.99999992e-10 9.99999992e-10
6.66666663111e-10 6.66666663111e-10 6.66666663111e-10 6.66666663111e-10 6.66666663111e-10 0.933333329022 6.66666663111e-10 0.0666666669778
8.33333327778e-10 8.33333327778e-10 8.33333327778e-10 8.33333327778e-10 8.33333327778e-10 0.0833333336111 0.916666661389 8.33333327778e-10
6.24999996875e-10 0.0625000003125 6.24999996875e-10 6.24999996875e-10 0.0625000003125 0.0625000003125 0.187499999688 0.6249999975
0.499999985 4.9999998e-09 4.9999998e-09 4.9999998e-09 4.9999998e-09 4.9999998e-09 0.499999985 4.9999998e-09
4.9999998e-09 4.9999998e-09 0.499999985 0.499999985 4.9999998e-09 4.9999998e-09 4.9999998e-09 4.9999998e-09
1.11111110123e-09 1.11111110123e-09 0.999999992222 1.11111110123e-09 1.11111110123e-09 1.11111110123e-09 1.11111110123e-09 1.11111110123e-09
3.33333324444e-09 3.33333324444e-09 3.33333324444e-09 0.999999976667 3.33333324444e-09 3.33333324444e-09 3.33333324444e-09 3.33333324444e-09
4.9999998e-09 4.9999998e-09 4.9999998e-09 4.9999998e-09 0.999999965 4.9999998e-09 4.9999998e-09 4.9999998e-09
9.09090902479e-10 9.09090902479e-10 9.09090902479e-10 0.090909091157 9.09090902479e-10 0.909090903388 9.09090902479e-10 9.09090902479e-10
3.33333324444e-09 3.33333324444e-09 3.33333324444e-09 3.33333324444e-09 3.33333324444e-09 3.33333324444e-09 0.999999976667 3.33333324444e-09
3.33333324444e-09 3.33333324444e-09 3.33333324444e-09 3.33333324444e-09 3.33333324444e-09 3.33333324444e-09 0.333333327778 0.666666652222
0.999999965 4.9999998e-09 4.9999998e-09 4.9999998e-09 4.9999998e-09 4.9999998e-09 4.9999998e-09 4.9999998e-09
3.33333324444e-09 0.666666652222 0.333333327778 3.33333324444e-09 3.33333324444e-09 3.33333324444e-09 3.33333324444e-09 3.33333324444e-09
3.33333324444e-09 0.666666652222 0.333333327778 3.33333324444e-09 3.33333324444e-09 3.33333324444e-09 3.33333324444e-09 3.33333324444e-09
3.33333324444e-09 3.33333324444e-09 3.33333324444e-09 0.999999976667 3.33333324444e-09 3.33333324444e-09 3.33333324444e-09 3.33333324444e-09
2.49999995e-09 2.49999995e-09 2.49999995e-09 2.49999995e-09 0.7499999875 2.49999995e-09 0.2499999975 2.49999995e-09
3.33333324444e-09 3.33333324444e-09 3.33333324444e-09 3.33333324444e-09 3.33333324444e-09 0.999999976667 3.33333324444e-09 3.33333324444e-09
0.125 0.125 0.125 0.125 0.125 0.125 0.125 0.125
1.42857141224e-09 1.42857141224e-09 1.42857141224e-09 1.42857141224e-09 1.42857141224e-09 0.142857142653 0.428571425102 0.428571425102
0.3999999956 0.1999999988 1.999999968e-09 0.1999999988 1.999999968e-09 1.999999968e-09 0.1999999988 1.999999968e-09
1.2499999875e-09 0.74999999375 0.24999999875 1.2499999875e-09 1.2499999875e-09 1.2499999875e-09 1.2499999875e-09 1.2499999875e-09
1.11111110123e-09 0.333333331481 0.666666661852 1.11111110123e-09 1.11111110123e-09 1.11111110123e-09 1.11111110123e-09 1.11111110123e-09
3.33333324444e-09 0.333333327778 3.33333324444e-09 0.666666652222 3.33333324444e-09 3.33333324444e-09 3.33333324444e-09 3.33333324444e-09
7.69230764497e-10 7.69230764497e-10 7.69230764497e-10 7.69230764497e-10 0.923076918166 7.69230764497e-10 7.69230764497e-10 0.0769230772189
1.11111110123e-09 1.11111110123e-09 1.11111110123e-09 1.11111110123e-09 1.11111110123e-09 0.999999992222 1.11111110123e-09 1.11111110123e-09
8.33333327778e-10 8.33333327778e-10 8.33333327778e-10 8.33333327778e-10 8.33333327778e-10 8.33333327778e-10 0.999999994167 8.33333327778e-10
1.11111110123e-09 1.11111110123e-09 1.11111110123e-09 0.111111111235 0.111111111235 0.111111111235 0.222222221358 0.444444441605
0.714285710918 0.0714285717347 7.14285710204e-10 0.214285713776 7.14285710204e-10 7.14285710204e-10 7.14285710204e-10 7.14285710204e-10
6.66666663111e-10 0.533333331156 0.399999998533 0.0666666669778 6.66666663111e-10 6.66666663111e-10 6.66666663111e-10 6.66666663111e-10
5.55555553086e-10 0.277777777099 0.722222219568 5.55555553086e-10 5.55555553086e-10 5.55555553086e-10 5.55555553086e-10 5.55555553086e-10
8.33333327778e-10 0.166666666389 8.33333327778e-10 0.833333328611 8.33333327778e-10 8.33333327778e-10 8.33333327778e-10 8.33333327778e-10
4.76190474376e-10 4.76190474376e-10 4.76190474376e-10 4.76190474376e-10 0.999999996667 4.76190474376e-10 4.76190474376e-10 4.76190474376e-10
1.11111110123e-09 1.11111110123e-09 1.11111110123e-09 1.11111110123e-09 1.11111110123e-09 0.999999992222 1.11111110123e-09 1.11111110123e-09
6.24999996875e-10 6.24999996875e-10 6.24999996875e-10 6.24999996875e-10 0.0625000003125 6.24999996875e-10 0.812499996563 0.125
0.0666666669778 6.66666663111e-10 6.66666663111e-10 6.66666663111e-10 0.1999999996 0.0666666669778 0.0666666669778 0.599999997467
0.916666661389 8.33333327778e-10 8.33333327778e-10 8.33333327778e-10 8.33333327778e-10 8.33333327778e-10 8.33333327778e-10 0.0833333336111
6.24999996875e-10 0.687499997188 0.0625000003125 0.125 6.24999996875e-10 6.24999996875e-10 6.24999996875e-10 0.125
7.14285710204e-10 7.14285710204e-10 0.999999995 7.14285710204e-10 7.14285710204e-10 7.14285710204e-10 7.14285710204e-10 7.14285710204e-10
6.66666663111e-10 0.133333333289 6.66666663111e-10 0.866666662711 6.66666663111e-10 6.66666663111e-10 6.66666663111e-10 6.66666663111e-10
1.2499999875e-09 1.2499999875e-09 1.2499999875e-09 1.2499999875e-09 0.8749999925 1.2499999875e-09 0.125 1.2499999875e-09
6.66666663111e-10 6.66666663111e-10 6.66666663111e-10 6.66666663111e-10 0.0666666669778 0.7999999964 0.0666666669778 0.0666666669778
7.14285710204e-10 7.14285710204e-10 7.14285710204e-10 7.14285710204e-10 7.14285710204e-10 7.14285710204e-10 0.999999995 7.14285710204e-10
6.24999996875e-10 6.24999996875e-10 6.24999996875e-10 6.24999996875e-10 0.499999998125 0.187499999688 0.249999999375 0.0625000003125
0.99999993 9.9999992e-09 9.9999992e-09 9.9999992e-09 9.9999992e-09 9.9999992e-09 9.9999992e-09 9.9999992e-09
9.9999992e-09 0.99999993 9.9999992e-09 9.9999992e-09 9.9999992e-09 9.9999992e-09 9.9999992e-09 9.9999992e-09
4.9999998e-09 0.999999965 4.9999998e-09 4.9999998e-09 4.9999998e-09 4.9999998e-09 4.9999998e-09 4.9999998e-09
1.999999968e-09 0.5999999924 1.999999968e-09 0.3999999956 1.999999968e-09 1.999999968e-09 1.999999968e-09 1.999999968e-09
3.33333324444e-09 3.33333324444e-09 3.33333324444e-09 0.333333327778 0.666666652222 3.33333324444e-09 3.33333324444e-09 3.33333324444e-09
3.33333324444e-09 3.33333324444e-09 3.33333324444e-09 3.33333324444e-09 3.33333324444e-09 0.666666652222 0.333333327778 3.33333324444e-09
9.9999992e-09 9.9999992e-09 9.9999992e-09 9.9999992e-09 9.9999992e-09 9.9999992e-09 0.99999993 9.9999992e-09
9.9999992e-09 9.9999992e-09 9.9999992e-09 9.9999992e-09 9.9999992e-09 9.9999992e-09 9.9999992e-09 0.99999993
0.3999999956 0.5999999924 1.999999968e-09 1.999999968e-09 1.999999968e-09 1.999999968e-09 1.999999968e-09 1.999999968e-09
9.9999992e-09 9.9999992e-09 0.99999993 9.9999992e-09 9.9999992e-09 9.9999992e-09 9.9999992e-09 9.9999992e-09
9.9999992e-09 9.9999992e-09 0.99999993 9.9999992e-09 9.9999992e-09 9.9999992e-09 9.9999992e-09 9.9999992e-09
1.66666664444e-09 0.999999988333 1.66666664444e-09 1.66666664444e-09 1.66666664444e-09 1.66666664444e-09 1.66666664444e-09 1.66666664444e-09
1.999999968e-09 1.999999968e-09 1.999999968e-09 1.999999968e-09 0.7999999892 1.999999968e-09 0.1999999988 1.999999968e-09
9.9999992e-09 9.9999992e-09 9.9999992e-09 9.9999992e-09 9.9999992e-09 0.99999993 9.9999992e-09 9.9999992e-09
3.33333324444e-09 3.33333324444e-09 3.33333324444e-09 3.33333324444e-09 3.33333324444e-09 3.33333324444e-09 0.999999976667 3.33333324444e-09
9.9999992e-09 9.9999992e-09 9.9999992e-09 9.9999992e-09 9.9999992e-09 9.9999992e-09 9.9999992e-09 0.99999993
0.9999999825 2.49999995e-09 2.49999995e-09 2.49999995e-09 2.49999995e-09 2.49999995e-09 2.49999995e-09 2.49999995e-09
3.33333324444e-09 0.999999976667 3.33333324444e-09 3.33333324444e-09 3.33333324444e-09 3.33333324444e-09 3.33333324444e-09 3.33333324444e-09
4.9999998e-09 4.9999998e-09 0.999999965 4.9999998e-09 4.9999998e-09 4.9999998e-09 4.9999998e-09 4.9999998e-09
1.999999968e-09 0.999999986 1.999999968e-09 1.999999968e-09 1.999999968e-09 1.999999968e-09 1.999999968e-09 1.999999968e-09
1.42857141224e-09 1.42857141224e-09 1.42857141224e-09 1.42857141224e-09 0.714285707551 1.42857141224e-09 0.285714283878 1.42857141224e-09
4.9999998e-09 4.9999998e-09 4.9999998e-09 4.9999998e-09 4.9999998e-09 0.999999965 4.9999998e-09 4.9999998e-09
9.9999992e-09 9.9999992e-09 9.9999992e-09 9.9999992e-09 9.9999992e-09 9.9999992e-09 0.99999993 9.9999992e-09
2.49999995e-09 2.49999995e-09 2.49999995e-09 2.49999995e-09 0.2499999975 2.49999995e-09 0.2499999975 0.4999999925
0.7999999892 1.999999968e-09 1.999999968e-09 0.1999999988 1.999999968e-09 1.999999968e-09 1.999999968e-09 1.999999968e-09
8.33333327778e-10 0.749999995833 0.249999999167 8.33333327778e-10 8.33333327778e-10 8.33333327778e-10 8.33333327778e-10 8.33333327778e-10
1.11111110123e-09 0.222222221358 0.777777771975 1.11111110123e-09 1.11111110123e-09 1.11111110123e-09 1.11111110123e-09 1.11111110123e-09
1.42857141224e-09 0.857142848776 1.42857141224e-09 0.142857142653 1.42857141224e-09 1.42857141224e-09 1.42857141224e-09 1.42857141224e-09
1.42857141224e-09 1.42857141224e-09 1.42857141224e-09 0.142857142653 0.857142848776 1.42857141224e-09 1.42857141224e-09 1.42857141224e-09
1.66666664444e-09 1.66666664444e-09 1.66666664444e-09 1.66666664444e-09 1.66666664444e-09 0.999999988333 1.66666664444e-09 1.66666664444e-09
9.99999992e-10 9.99999992e-10 9.99999992e-10 9.99999992e-10 9.99999992e-10 9.99999992e-10 0.999999993 9.99999992e-10
1.2499999875e-09 0.125 1.2499999875e-09 1.2499999875e-09 1.2499999875e-09 1.2499999875e-09 0.3749999975 0.49999999625
0.999999986 1.999999968e-09 1.999999968e-09 1.999999968e-09 1.999999968e-09 1.999999968e-09 1.999999968e-09 1.999999968e-09
9.9999992e-09 0.99999993 9.9999992e-09 9.9999992e-09 9.9999992e-09 9.9999992e-09 9.9999992e-09 9.9999992e-09
6.24999996875e-10 0.0625000003125 0.937499995938 6.24999996875e-10 6.24999996875e-10 6.24999996875e-10 6.24999996875e-10 6.24999996875e-10
5.88235291349e-10 0.0588235297232 5.88235291349e-10 0.941176466747 5.88235291349e-10 5.88235291349e-10 5.88235291349e-10 5.88235291349e-10
6.66666663111e-10 6.66666663111e-10 6.66666663111e-10 6.66666663111e-10 0.999999995333 6.66666663111e-10 6.66666663111e-10 6.66666663111e-10
4.99999998e-10 4.99999998e-10 4.99999998e-10 4.99999998e-10 4.99999998e-10 0.9999999965 4.99999998e-10 4.99999998e-10
6.66666663111e-10 6.66666663111e-10 6.66666663111e-10 6.66666663111e-10 6.66666663111e-10 6.66666663111e-10 0.999999995333 6.66666663111e-10
0.0476190479138 4.76190474376e-10 4.76190474376e-10 4.76190474376e-10 0.0476190479138 0.0952380953515 0.190476190227 0.619047617166
0.624999995 1.2499999875e-09 1.2499999875e-09 0.24999999875 0.125 1.2499999875e-09 1.2499999875e-09 1.2499999875e-09
9.99999992e-10 0.1000000002 0.1999999994 0.6999999954 9.99999992e-10 9.99999992e-10 9.99999992e-10 9.99999992e-10
5.88235291349e-10 0.117647058858 0.764705879343 0.0588235297232 5.88235291349e-10 5.88235291349e-10 0.0588235297232 5.88235291349e-10
9.09090902479e-10 0.090909091157 9.09090902479e-10 0.909090903388 9.09090902479e-10 9.09090902479e-10 9.09090902479e-10 9.09090902479e-10
1.2499999875e-09 1.2499999875e-09 1.2499999875e-09 1.2499999875e-09 0.74999999375 1.2499999875e-09 0.24999999875 1.2499999875e-09
7.69230764497e-10 7.69230764497e-10 7.69230764497e-10 7.69230764497e-10 7.69230764497e-10 0.999999994615 7.69230764497e-10 7.69230764497e-10
9.99999992e-10 9.99999992e-10 9.99999992e-10 9.99999992e-10 9.99999992e-10 9.99999992e-10 0.999999993 9.99999992e-10
0.0666666669778 6.66666663111e-10 6.66666663111e-10 6.66666663111e-10 6.66666663111e-10 0.0666666669778 0.333333332222 0.533333331156
0.666666659444 1.66666664444e-09 1.66666664444e-09 0.333333330556 1.66666664444e-09 1.66666664444e-09 1.66666664444e-09 1.66666664444e-09
8.33333327778e-10 0.333333331944 0.4999999975 0.166666666389 8.33333327778e-10 8.33333327778e-10 8.33333327778e-10 8.33333327778e-10
1.42857141224e-09 1.42857141224e-09 0.99999999 1.42857141224e-09 1.42857141224e-09 1.42857141224e-09 1.42857141224e-09 1.42857141224e-09
6.66666663111e-10 0.133333333289 6.66666663111e-10 0.866666662711 6.66666663111e-10 6.66666663111e-10 6.66666663111e-10 6.66666663111e-10
0.0769230772189 7.69230764497e-10 7.69230764497e-10 0.0769230772189 0.615384612367 7.69230764497e-10 0.230769230118 7.69230764497e-10
1.11111110123e-09 1.11111110123e-09 1.11111110123e-09 1.11111110123e-09 1.11111110123e-09 0.888888882099 1.11111110123e-09 0.111111111235
6.24999996875e-10 6.24999996875e-10 6.24999996875e-10 6.24999996875e-10 6.24999996875e-10 6.24999996875e-10 0.999999995625 6.24999996875e-10
9.99999992e-10 9.99999992e-10 9.99999992e-10 9.99999992e-10 9.99999992e-10 0.1999999994 0.1999999994 0.5999999962
0.81818181314 0.090909091157 9.09090902479e-10 0.090909091157 9.09090902479e-10 9.09090902479e-10 9.09090902479e-10 9.09090902479e-10
7.69230764497e-10 0.692307688817 0.0769230772189 0.230769230118 7.69230764497e-10 7.69230764497e-10 7.69230764497e-10 7.69230764497e-10
5.26315787258e-10 0.473684209058 0.526315787784 5.26315787258e-10 5.26315787258e-10 5.26315787258e-10 5.26315787258e-10 5.26315787258e-10
6.24999996875e-10 0.437499998438 6.24999996875e-10 0.562499997813 6.24999996875e-10 6.24999996875e-10 6.24999996875e-10 6.24999996875e-10
4.76190474376e-10 4.76190474376e-10 4.76190474376e-10 4.76190474376e-10 0.952380949229 4.76190474376e-10 4.76190474376e-10 0.0476190479138
4.16666665278e-10 4.16666665278e-10 4.16666665278e-10 0.0416666669444 4.16666665278e-10 0.958333330556 4.16666665278e-10 4.16666665278e-10
5.55555553086e-10 5.55555553086e-10 5.55555553086e-10 5.55555553086e-10 5.55555553086e-10 5.55555553086e-10 0.944444440802 0.0555555558642
5.88235291349e-10 5.88235291349e-10 5.88235291349e-10 5.88235291349e-10 5.88235291349e-10 0.117647058858 0.176470587993 0.705882350208
0.466666664844 0.0666666669778 6.66666663111e-10 0.466666664844 6.66666663111e-10 6.66666663111e-10 6.66666663111e-10 6.66666663111e-10
4.76190474376e-10 0.33333333254 0.285714285102 0.33333333254 0.0476190479138 4.76190474376e-10 4.76190474376e-10 4.76190474376e-10
3.33333332444e-10 0.433333332511 0.566666665489 3.33333332444e-10 3.33333332444e-10 3.33333332444e-10 3.33333332444e-10 3.33333332444e-10
6.24999996875e-10 0.0625000003125 6.24999996875e-10 0.87499999625 0.0625000003125 6.24999996875e-10 6.24999996875e-10 6.24999996875e-10
3.44827585256e-10 3.44827585256e-10 3.44827585256e-10 3.44827585256e-10 0.793103446433 3.44827585256e-10 0.172413792973 0.0344827588704
3.9999999872e-10 3.9999999872e-10 3.9999999872e-10 3.9999999872e-10 3.9999999872e-10 0.9999999972 3.9999999872e-10 3.9999999872e-10
6.24999996875e-10 6.24999996875e-10 6.24999996875e-10 6.24999996875e-10 6.24999996875e-10 6.24999996875e-10 0.999999995625 6.24999996875e-10
3.33333332444e-10 0.0333333335778 3.33333332444e-10 3.33333332444e-10 0.1999999998 0.133333333311 0.166666666556 0.466666665756
0.562499997813 0.125 6.24999996875e-10 0.312499999063 6.24999996875e-10 6.24999996875e-10 6.24999996875e-10 6.24999996875e-10
1.2499999875e-09 0.8749999925 1.2499999875e-09 0.125 1.2499999875e-09 1.2499999875e-09 1.2499999875e-09 1.2499999875e-09
9.09090902479e-10 9.09090902479e-10 0.999999993636 9.09090902479e-10 9.09090902479e-10 9.09090902479e-10 9.09090902479e-10 9.09090902479e-10
1.11111110123e-09 1.11111110123e-09 1.11111110123e-09 0.999999992222 1.11111110123e-09 1.11111110123e-09 1.11111110123e-09 1.11111110123e-09
9.09090902479e-10 9.09090902479e-10 9.09090902479e-10 9.09090902479e-10 0.999999993636 9.09090902479e-10 9.09090902479e-10 9.09090902479e-10
1.2499999875e-09 1.2499999875e-09 1.2499999875e-09 1.2499999875e-09 1.2499999875e-09 0.99999999125 1.2499999875e-09 1.2499999875e-09
1.42857141224e-09 1.42857141224e-09 1.42857141224e-09 1.42857141224e-09 1.42857141224e-09 1.42857141224e-09 0.99999999 1.42857141224e-09
0.0666666669778 6.66666663111e-10 6.66666663111e-10 6.66666663111e-10 0.333333332222 0.1999999996 0.0666666669778 0.333333332222
0.999999976667 3.33333324444e-09 3.33333324444e-09 3.33333324444e-09 3.33333324444e-09 3.33333324444e-09 3.33333324444e-09 3.33333324444e-09
9.09090902479e-10 0.454545452149 0.272727271653 0.181818181405 9.09090902479e-10 9.09090902479e-10 9.09090902479e-10 0.090909091157
3.33333324444e-09 0.333333327778 0.666666652222 3.33333324444e-09 3.33333324444e-09 3.33333324444e-09 3.33333324444e-09 3.33333324444e-09
1.999999968e-09 0.5999999924 0.1999999988 0.1999999988 1.999999968e-09 1.999999968e-09 1.999999968e-09 1.999999968e-09
1.42857141224e-09 1.42857141224e-09 1.42857141224e-09 1.42857141224e-09 0.857142848776 1.42857141224e-09 0.142857142653 1.42857141224e-09
1.999999968e-09 1.999999968e-09 1.999999968e-09 1.999999968e-09 1.999999968e-09 0.999999986 1.999999968e-09 1.999999968e-09
2.49999995e-09 2.49999995e-09 2.49999995e-09 2.49999995e-09 2.49999995e-09 2.49999995e-09 0.9999999825 2.49999995e-09
1.2499999875e-09 1.2499999875e-09 1.2499999875e-09 1.2499999875e-09 0.3749999975 1.2499999875e-09 0.3749999975 0.24999999875
0.99999993 9.9999992e-09 9.9999992e-09 9.9999992e-09 9.9999992e-09 9.9999992e-09 9.9999992e-09 9.9999992e-09
1.999999968e-09 0.1999999988 0.5999999924 1.999999968e-09 1.999999968e-09 1.999999968e-09 1.999999968e-09 0.1999999988
3.33333324444e-09 3.33333324444e-09 0.999999976667 3.33333324444e-09 3.33333324444e-09 3.33333324444e-09 3.33333324444e-09 3.33333324444e-09
0.499999985 0.499999985 4.9999998e-09 4.9999998e-09 4.9999998e-09 4.9999998e-09 4.9999998e-09 4.9999998e-09
4.9999998e-09 4.9999998e-09 4.9999998e-09 4.9999998e-09 0.999999965 4.9999998e-09 4.9999998e-09 4.9999998e-09
3.33333324444e-09 3.33333324444e-09 3.33333324444e-09 3.33333324444e-09 3.33333324444e-09 0.999999976667 3.33333324444e-09 3.33333324444e-09
9.9999992e-09 9.9999992e-09 9.9999992e-09 9.9999992e-09 9.9999992e-09 9.9999992e-09 0.99999993 9.9999992e-09
2.49999995e-09 2.49999995e-09 2.49999995e-09 2.49999995e-09 2.49999995e-09 2.49999995e-09 0.2499999975 0.7499999875
0.999999965 4.9999998e-09 4.9999998e-09 4.9999998e-09 4.9999998e-09 4.9999998e-09 4.9999998e-09 4.9999998e-09
2.49999995e-09 0.4999999925 2.49999995e-09 0.4999999925 2.49999995e-09 2.49999995e-09 2.49999995e-09 2.49999995e-09
1.999999968e-09 0.3999999956 0.5999999924 1.999999968e-09 1.999999968e-09 1.999999968e-09 1.999999968e-09 1.999999968e-09
0.499999985 0.499999985 4.9999998e-09 4.9999998e-09 4.9999998e-09 4.9999998e-09 4.9999998e-09 4.9999998e-09
1.999999968e-09 1.999999968e-09 1.999999968e-09 1.999999968e-09 0.7999999892 0.1999999988 1.999999968e-09 1.999999968e-09
4.9999998e-09 4.9999998e-09 4.9999998e-09 4.9999998e-09 4.9999998e-09 0.999999965 4.9999998e-09 4.9999998e-09
9.9999992e-09 9.9999992e-09 9.9999992e-09 9.9999992e-09 9.9999992e-09 9.9999992e-09 0.99999993 9.9999992e-09
3.33333324444e-09 3.33333324444e-09 3.33333324444e-09 3.33333324444e-09 3.33333324444e-09 3.33333324444e-09 3.33333324444e-09 0.999999976667
0.636363632645 0.181818181405 9.09090902479e-10 0.181818181405 9.09090902479e-10 9.09090902479e-10 9.09090902479e-10 9.09090902479e-10
5.88235291349e-10 0.588235291938 0.176470587993 0.235294117128 5.88235291349e-10 5.88235291349e-10 5.88235291349e-10 5.88235291349e-10
5.55555553086e-10 0.0555555558642 0.888888885494 5.55555553086e-10 5.55555553086e-10 0.0555555558642 5.55555553086e-10 5.55555553086e-10
5.55555553086e-10 0.0555555558642 0.166666666481 0.722222219568 5.55555553086e-10 5.55555553086e-10 0.0555555558642 5.55555553086e-10
6.66666663111e-10 6.66666663111e-10 6.66666663111e-10 6.66666663111e-10 0.866666662711 6.66666663111e-10 0.133333333289 6.66666663111e-10
6.24999996875e-10 6.24999996875e-10 6.24999996875e-10 6.24999996875e-10 0.0625000003125 0.937499995938 6.24999996875e-10 6.24999996875e-10
6.24999996875e-10 6.24999996875e-10 6.24999996875e-10 6.24999996875e-10 6.24999996875e-10 6.24999996875e-10 0.999999995625 6.24999996875e-10
5.88235291349e-10 5.88235291349e-10 5.88235291349e-10 5.88235291349e-10 0.352941175398 0.0588235297232 0.176470587993 0.411764704533
0.99999993 9.9999992e-09 9.9999992e-09 9.9999992e-09 9.9999992e-09 9.9999992e-09 9.9999992e-09 9.9999992e-09
0.125 0.125 0.125 0.125 0.125 0.125 0.125 0.125
9.9999992e-09 9.9999992e-09 0.99999993 9.9999992e-09 9.9999992e-09 9.9999992e-09 9.9999992e-09 9.9999992e-09
9.9999992e-09 9.9999992e-09 9.9999992e-09 0.99999993 9.9999992e-09 9.9999992e-09 9.9999992e-09 9.9999992e-09
9.9999992e-09 9.9999992e-09 9.9999992e-09 9.9999992e-09 0.99999993 9.9999992e-09 9.9999992e-09 9.9999992e-09
0.125 0.125 0.125 0.125 0.125 0.125 0.125 0.125
4.9999998e-09 4.9999998e-09 4.9999998e-09 4.9999998e-09 4.9999998e-09 4.9999998e-09 0.999999965 4.9999998e-09
0.125 0.125 0.125 0.125 0.125 0.125 0.125 0.125
0.999999986 1.999999968e-09 1.999999968e-09 1.999999968e-09 1.999999968e-09 1.999999968e-09 1.999999968e-09 1.999999968e-09
2.49999995e-09 0.2499999975 0.4999999925 0.2499999975 2.49999995e-09 2.49999995e-09 2.49999995e-09 2.49999995e-09
4.9999998e-09 4.9999998e-09 0.999999965 4.9999998e-09 4.9999998e-09 4.9999998e-09 4.9999998e-09 4.9999998e-09
1.66666664444e-09 0.166666666111 0.333333330556 0.499999995 1.66666664444e-09 1.66666664444e-09 1.66666664444e-09 1.66666664444e-09
9.09090902479e-10 9.09090902479e-10 9.09090902479e-10 9.09090902479e-10 0.454545452149 9.09090902479e-10 0.272727271653 0.272727271653
9.09090902479e-10 9.09090902479e-10 9.09090902479e-10 9.09090902479e-10 9.09090902479e-10 0.81818181314 9.09090902479e-10 0.181818181405
1.999999968e-09 1.999999968e-09 1.999999968e-09 1.999999968e-09 1.999999968e-09 1.999999968e-09 0.999999986 1.999999968e-09
1.66666664444e-09 1.66666664444e-09 1.66666664444e-09 1.66666664444e-09 0.166666666111 1.66666664444e-09 0.499999995 0.333333330556
0.125 0.125 0.125 0.125 0.125 0.125 0.125 0.125
2.49999995e-09 0.2499999975 2.49999995e-09 0.7499999875 2.49999995e-09 2.49999995e-09 2.49999995e-09 2.49999995e-09
1.999999968e-09 1.999999968e-09 0.999999986 1.999999968e-09 1.999999968e-09 1.999999968e-09 1.999999968e-09 1.999999968e-09
9.9999992e-09 9.9999992e-09 9.9999992e-09 0.99999993 9.9999992e-09 9.9999992e-09 9.9999992e-09 9.9999992e-09
3.33333324444e-09 3.33333324444e-09 3.33333324444e-09 3.33333324444e-09 0.999999976667 3.33333324444e-09 3.33333324444e-09 3.33333324444e-09
4.9999998e-09 4.9999998e-09 4.9999998e-09 4.9999998e-09 4.9999998e-09 0.999999965 4.9999998e-09 4.9999998e-09
3.33333324444e-09 3.33333324444e-09 3.33333324444e-09 3.33333324444e-09 3.33333324444e-09 3.33333324444e-09 0.666666652222 0.333333327778
3.33333324444e-09 3.33333324444e-09 3.33333324444e-09 3.33333324444e-09 3.33333324444e-09 3.33333324444e-09 3.33333324444e-09 0.999999976667
0.999999965 4.9999998e-09 4.9999998e-09 4.9999998e-09 4.9999998e-09 4.9999998e-09 4.9999998e-09 4.9999998e-09
9.9999992e-09 9.9999992e-09 9.9999992e-09 0.99999993 9.9999992e-09 9.9999992e-09 9.9999992e-09 9.9999992e-09
4.9999998e-09 0.499999985 0.499999985 4.9999998e-09 4.9999998e-09 4.9999998e-09 4.9999998e-09 4.9999998e-09
0.125 0.125 0.125 0.125 0.125 0.125 0.125 0.125
0.125 0.125 0.125 0.125 0.125 0.125 0.125 0.125
0.125 0.125 0.125 0.125 0.125 0.125 0.125 0.125
0.125 0.125 0.125 0.125 0.125 0.125 0.125 0.125
0.125 0.125 0.125 0.125 0.125 0.125 0.125 0.125
0.499999985 0.499999985 4.9999998e-09 4.9999998e-09 4.9999998e-09 4.9999998e-09 4.9999998e-09 4.9999998e-09
3.33333324444e-09 0.333333327778 0.666666652222 3.33333324444e-09 3.33333324444e-09 3.33333324444e-09 3.33333324444e-09 3.33333324444e-09
3.33333324444e-09 0.666666652222 0.333333327778 3.33333324444e-09 3.33333324444e-09 3.33333324444e-09 3.33333324444e-09 3.33333324444e-09
9.9999992e-09 0.99999993 9.9999992e-09 9.9999992e-09 9.9999992e-09 9.9999992e-09 9.9999992e-09 9.9999992e-09
1.42857141224e-09 1.42857141224e-09 1.42857141224e-09 1.42857141224e-09 0.571428566327 1.42857141224e-09 0.142857142653 0.285714283878
3.33333324444e-09 3.33333324444e-09 3.33333324444e-09 3.33333324444e-09 3.33333324444e-09 0.999999976667 3.33333324444e-09 3.33333324444e-09
1.66666664444e-09 1.66666664444e-09 1.66666664444e-09 1.66666664444e-09 1.66666664444e-09 1.66666664444e-09 0.999999988333 1.66666664444e-09
1.11111110123e-09 1.11111110123e-09 1.11111110123e-09 1.11111110123e-09 0.111111111235 0.111111111235 0.222222221358 0.555555551728
0.99999993 9.9999992e-09 9.9999992e-09 9.9999992e-09 9.9999992e-09 9.9999992e-09 9.9999992e-09 9.9999992e-09
0.125 0.125 0.125 0.125 0.125 0.125 0.125 0.125
0.125 0.125 0.125 0.125 0.125 0.125 0.125 0.125
4.9999998e-09 0.499999985 4.9999998e-09 0.499999985 4.9999998e-09 4.9999998e-09 4.9999998e-09 4.9999998e-09
9.9999992e-09 9.9999992e-09 9.9999992e-09 9.9999992e-09 0.99999993 9.9999992e-09 9.9999992e-09 9.9999992e-09
0.125 0.125 0.125 0.125 0.125 0.125 0.125 0.125
0.125 0.125 0.125 0.125 0.125 0.125 0.125 0.125
4.9999998e-09 4.9999998e-09 4.9999998e-09 4.9999998e-09 0.499999985 4.9999998e-09 0.499999985 4.9999998e-09
0.666666652222 0.333333327778 3.33333324444e-09 3.33333324444e-09 3.33333324444e-09 3.33333324444e-09 3.33333324444e-09 3.33333324444e-09
1.999999968e-09 0.3999999956 0.5999999924 1.999999968e-09 1.999999968e-09 1.999999968e-09 1.999999968e-09 1.999999968e-09
3.33333324444e-09 3.33333324444e-09 0.999999976667 3.33333324444e-09 3.33333324444e-09 3.33333324444e-09 3.33333324444e-09 3.33333324444e-09
2.49999995e-09 0.9999999825 2.49999995e-09 2.49999995e-09 2.49999995e-09 2.49999995e-09 2.49999995e-09 2.49999995e-09
1.42857141224e-09 1.42857141224e-09 1.42857141224e-09 1.42857141224e-09 0.857142848776 1.42857141224e-09 1.42857141224e-09 0.142857142653
1.42857141224e-09 1.42857141224e-09 1.42857141224e-09 1.42857141224e-09 1.42857141224e-09 0.99999999 1.42857141224e-09 1.42857141224e-09
1.999999968e-09 1.999999968e-09 1.999999968e-09 1.999999968e-09 1.999999968e-09 1.999999968e-09 0.999999986 1.999999968e-09
8.33333327778e-10 8.33333327778e-10 8.33333327778e-10 8.33333327778e-10 8.33333327778e-10 8.33333327778e-10 0.0833333336111 0.916666661389
0.999999965 4.9999998e-09 4.9999998e-09 4.9999998e-09 4.9999998e-09 4.9999998e-09 4.9999998e-09 4.9999998e-09
9.9999992e-09 0.99999993 9.9999992e-09 9.9999992e-09 9.9999992e-09 9.9999992e-09 9.9999992e-09 9.9999992e-09
4.9999998e-09 4.9999998e-09 0.999999965 4.9999998e-09 4.9999998e-09 4.9999998e-09 4.9999998e-09 4.9999998e-09
2.49999995e-09 2.49999995e-09 2.49999995e-09 0.9999999825 2.49999995e-09 2.49999995e-09 2.49999995e-09 2.49999995e-09
1.999999968e-09 1.999999968e-09 1.999999968e-09 1.999999968e-09 0.5999999924 1.999999968e-09 0.3999999956 1.999999968e-09
1.999999968e-09 1.999999968e-09 1.999999968e-09 1.999999968e-09 1.999999968e-09 0.999999986 1.999999968e-09 1.999999968e-09
2.49999995e-09 2.49999995e-09 2.49999995e-09 2.49999995e-09 2.49999995e-09 0.2499999975 0.7499999875 2.49999995e-09
2.49999995e-09 2.49999995e-09 2.49999995e-09 2.49999995e-09 2.49999995e-09 0.2499999975 0.4999999925 0.2499999975
0.99999993 9.9999992e-09 9.9999992e-09 9.9999992e-09 9.9999992e-09 9.9999992e-09 9.9999992e-09 9.9999992e-09
4.9999998e-09 0.499999985 0.499999985 4.9999998e-09 4.9999998e-09 4.9999998e-09 4.9999998e-09 4.9999998e-09
2.49999995e-09 2.49999995e-09 0.9999999825 2.49999995e-09 2.49999995e-09 2.49999995e-09 2.49999995e-09 2.49999995e-09
4.9999998e-09 0.499999985 4.9999998e-09 0.499999985 4.9999998e-09 4.9999998e-09 4.9999998e-09 4.9999998e-09
9.9999992e-09 9.9999992e-09 9.9999992e-09 9.9999992e-09 0.99999993 9.9999992e-09 9.9999992e-09 9.9999992e-09
2.49999995e-09 2.49999995e-09 2.49999995e-09 2.49999995e-09 2.49999995e-09 0.9999999825 2.49999995e-09 2.49999995e-09
0.125 0.125 0.125 0.125 0.125 0.125 0.125 0.125
4.9999998e-09 4.9999998e-09 4.9999998e-09 4.9999998e-09 4.9999998e-09 4.9999998e-09 0.499999985 0.499999985
0.9999999825 2.49999995e-09 2.49999995e-09 2.49999995e-09 2.49999995e-09 2.49999995e-09 2.49999995e-09 2.49999995e-09
1.999999968e-09 0.1999999988 0.1999999988 0.5999999924 1.999999968e-09 1.999999968e-09 1.999999968e-09 1.999999968e-09
1.2499999875e-09 0.49999999625 0.3749999975 0.125 1.2499999875e-09 1.2499999875e-09 1.2499999875e-09 1.2499999875e-09
1.2499999875e-09 0.49999999625 1.2499999875e-09 0.49999999625 1.2499999875e-09 1.2499999875e-09 1.2499999875e-09 1.2499999875e-09
1.42857141224e-09 1.42857141224e-09 1.42857141224e-09 1.42857141224e-09 0.857142848776 1.42857141224e-09 1.42857141224e-09 0.142857142653
1.42857141224e-09 1.42857141224e-09 1.42857141224e-09 1.42857141224e-09 1.42857141224e-09 0.99999999 1.42857141224e-09 1.42857141224e-09
1.2499999875e-09 1.2499999875e-09 1.2499999875e-09 1.2499999875e-09 1.2499999875e-09 1.2499999875e-09 0.99999999125 1.2499999875e-09
1.2499999875e-09 1.2499999875e-09 1.2499999875e-09 1.2499999875e-09 1.2499999875e-09 1.2499999875e-09 1.2499999875e-09 0.99999999125
0.99999993 9.9999992e-09 9.9999992e-09 9.9999992e-09 9.9999992e-09 9.9999992e-09 9.9999992e-09 9.9999992e-09
4.9999998e-09 0.499999985 0.499999985 4.9999998e-09 4.9999998e-09 4.9999998e-09 4.9999998e-09 4.9999998e-09
0.125 0.125 0.125 0.125 0.125 0.125 0.125 0.125
9.9999992e-09 0.99999993 9.9999992e-09 9.9999992e-09 9.9999992e-09 9.9999992e-09 9.9999992e-09 9.9999992e-09
4.9999998e-09 4.9999998e-09 4.9999998e-09 4.9999998e-09 0.999999965 4.9999998e-09 4.9999998e-09 4.9999998e-09
9.9999992e-09 9.9999992e-09 9.9999992e-09 9.9999992e-09 9.9999992e-09 0.99999993 9.9999992e-09 9.9999992e-09
3.33333324444e-09 3.33333324444e-09 3.33333324444e-09 3.33333324444e-09 3.33333324444e-09 3.33333324444e-09 0.999999976667 3.33333324444e-09
0.125 0.125 0.125 0.125 0.125 0.125 0.125 0.125
0.999999988333 1.66666664444e-09 1.66666664444e-09 1.66666664444e-09 1.66666664444e-09 1.66666664444e-09 1.66666664444e-09 1.66666664444e-09
9.09090902479e-10 0.090909091157 0.272727271653 0.363636361901 9.09090902479e-10 9.09090902479e-10 9.09090902479e-10 0.272727271653
9.09090902479e-10 9.09090902479e-10 0.999999993636 9.09090902479e-10 9.09090902479e-10 9.09090902479e-10 9.09090902479e-10 9.09090902479e-10
0.285714283878 1.42857141224e-09 1.42857141224e-09 0.714285707551 1.42857141224e-09 1.42857141224e-09 1.42857141224e-09 1.42857141224e-09
9.09090902479e-10 9.09090902479e-10 9.09090902479e-10 9.09090902479e-10 0.636363632645 9.09090902479e-10 0.090909091157 0.272727271653
1.66666664444e-09 1.66666664444e-09 1.66666664444e-09 1.66666664444e-09 1.66666664444e-09 0.999999988333 1.66666664444e-09 1.66666664444e-09
7.14285710204e-10 7.14285710204e-10 0.0714285717347 7.14285710204e-10 7.14285710204e-10 7.14285710204e-10 0.92857142398 7.14285710204e-10
1.2499999875e-09 1.2499999875e-09 1.2499999875e-09 1.2499999875e-09 1.2499999875e-09 0.24999999875 0.24999999875 0.49999999625
0.999999976667 3.33333324444e-09 3.33333324444e-09 3.33333324444e-09 3.33333324444e-09 3.33333324444e-09 3.33333324444e-09 3.33333324444e-09
2.49999995e-09 0.7499999875 0.2499999975 2.49999995e-09 2.49999995e-09 2.49999995e-09 2.49999995e-09 2.49999995e-09
2.49999995e-09 0.7499999875 0.2499999975 2.49999995e-09 2.49999995e-09 2.49999995e-09 2.49999995e-09 2.49999995e-09
2.49999995e-09 0.2499999975 2.49999995e-09 0.7499999875 2.49999995e-09 2.49999995e-09 2.49999995e-09 2.49999995e-09
4.9999998e-09 4.9999998e-09 4.9999998e-09 4.9999998e-09 0.999999965 4.9999998e-09 4.9999998e-09 4.9999998e-09
1.42857141224e-09 1.42857141224e-09 1.42857141224e-09 1.42857141224e-09 1.42857141224e-09 0.99999999 1.42857141224e-09 1.42857141224e-09
2.49999995e-09 2.49999995e-09 2.49999995e-09 2.49999995e-09 2.49999995e-09 2.49999995e-09 0.9999999825 2.49999995e-09
3.33333324444e-09 3.33333324444e-09 3.33333324444e-09 3.33333324444e-09 0.333333327778 0.333333327778 3.33333324444e-09 0.333333327778
0.99999993 9.9999992e-09 9.9999992e-09 9.9999992e-09 9.9999992e-09 9.9999992e-09 9.9999992e-09 9.9999992e-09
0.125 0.125 0.125 0.125 0.125 0.125 0.125 0.125
3.33333324444e-09 0.666666652222 0.333333327778 3.33333324444e-09 3.33333324444e-09 3.33333324444e-09 3.33333324444e-09 3.33333324444e-09
3.33333324444e-09 0.666666652222 0.333333327778 3.33333324444e-09 3.33333324444e-09 3.33333324444e-09 3.33333324444e-09 3.33333324444e-09
1.42857141224e-09 1.42857141224e-09 1.42857141224e-09 1.42857141224e-09 0.571428566327 1.42857141224e-09 0.142857142653 0.285714283878
1.66666664444e-09 1.66666664444e-09 1.66666664444e-09 1.66666664444e-09 1.66666664444e-09 0.999999988333 1.66666664444e-09 1.66666664444e-09
4.9999998e-09 4.9999998e-09 4.9999998e-09 4.9999998e-09 4.9999998e-09 4.9999998e-09 0.999999965 4.9999998e-09
3.33333324444e-09 3.33333324444e-09 3.33333324444e-09 3.33333324444e-09 3.33333324444e-09 3.33333324444e-09 3.33333324444e-09 0.999999976667
0.7499999875 0.2499999975 2.49999995e-09 2.49999995e-09 2.49999995e-09 2.49999995e-09 2.49999995e-09 2.49999995e-09
3.33333324444e-09 0.666666652222 3.33333324444e-09 0.333333327778 3.33333324444e-09 3.33333324444e-09 3.33333324444e-09 3.33333324444e-09
3.33333324444e-09 3.33333324444e-09 0.999999976667 3.33333324444e-09 3.33333324444e-09 3.33333324444e-09 3.33333324444e-09 3.33333324444e-09
3.33333324444e-09 0.666666652222 3.33333324444e-09 0.333333327778 3.33333324444e-09 3.33333324444e-09 3.33333324444e-09 3.33333324444e-09
4.9999998e-09 4.9999998e-09 4.9999998e-09 4.9999998e-09 0.999999965 4.9999998e-09 4.9999998e-09 4.9999998e-09
1.2499999875e-09 1.2499999875e-09 1.2499999875e-09 1.2499999875e-09 1.2499999875e-09 0.99999999125 1.2499999875e-09 1.2499999875e-09
1.2499999875e-09 1.2499999875e-09 1.2499999875e-09 1.2499999875e-09 0.125 1.2499999875e-09 0.8749999925 1.2499999875e-09
9.99999992e-10 9.99999992e-10 9.99999992e-10 9.99999992e-10 0.2999999986 0.1000000002 0.1000000002 0.499999997
0.499999985 0.499999985 4.9999998e-09 4.9999998e-09 4.9999998e-09 4.9999998e-09 4.9999998e-09 4.9999998e-09
1.999999968e-09 0.7999999892 0.1999999988 1.999999968e-09 1.999999968e-09 1.999999968e-09 1.999999968e-09 1.999999968e-09
1.11111110123e-09 0.333333331481 0.555555551728 1.11111110123e-09 1.11111110123e-09 0.111111111235 1.11111110123e-09 1.11111110123e-09
1.66666664444e-09 0.999999988333 1.66666664444e-09 1.66666664444e-09 1.66666664444e-09 1.66666664444e-09 1.66666664444e-09 1.66666664444e-09
1.11111110123e-09 1.11111110123e-09 1.11111110123e-09 1.11111110123e-09 0.888888882099 1.11111110123e-09 0.111111111235 1.11111110123e-09
1.11111110123e-09 1.11111110123e-09 1.11111110123e-09 1.11111110123e-09 1.11111110123e-09 0.999999992222 1.11111110123e-09 1.11111110123e-09
1.42857141224e-09 1.42857141224e-09 1.42857141224e-09 1.42857141224e-09 1.42857141224e-09 1.42857141224e-09 0.99999999 1.42857141224e-09
1.11111110123e-09 1.11111110123e-09 1.11111110123e-09 1.11111110123e-09 0.222222221358 1.11111110123e-09 0.111111111235 0.666666661852
0.999999976667 3.33333324444e-09 3.33333324444e-09 3.33333324444e-09 3.33333324444e-09 3.33333324444e-09 3.33333324444e-09 3.33333324444e-09
3.33333324444e-09 3.33333324444e-09 0.666666652222 0.333333327778 3.33333324444e-09 3.33333324444e-09 3.33333324444e-09 3.33333324444e-09
4.9999998e-09 4.9999998e-09 0.999999965 4.9999998e-09 4.9999998e-09 4.9999998e-09 4.9999998e-09 4.9999998e-09
3.33333324444e-09 3.33333324444e-09 3.33333324444e-09 0.999999976667 3.33333324444e-09 3.33333324444e-09 3.33333324444e-09 3.33333324444e-09
9.9999992e-09 9.9999992e-09 9.9999992e-09 9.9999992e-09 0.99999993 9.9999992e-09 9.9999992e-09 9.9999992e-09
0.125 0.125 0.125 0.125 0.125 0.125 0.125 0.125
3.33333324444e-09 3.33333324444e-09 3.33333324444e-09 3.33333324444e-09 3.33333324444e-09 3.33333324444e-09 0.999999976667 3.33333324444e-09
4.9999998e-09 4.9999998e-09 4.9999998e-09 4.9999998e-09 0.999999965 4.9999998e-09 4.9999998e-09 4.9999998e-09
0.99999993 9.9999992e-09 9.9999992e-09 9.9999992e-09 9.9999992e-09 9.9999992e-09 9.9999992e-09 9.9999992e-09
9.9999992e-09 0.99999993 9.9999992e-09 9.9999992e-09 9.9999992e-09 9.9999992e-09 9.9999992e-09 9.9999992e-09
4.9999998e-09 0.499999985 0.499999985 4.9999998e-09 4.9999998e-09 4.9999998e-09 4.9999998e-09 4.9999998e-09
3.33333324444e-09 3.33333324444e-09 0.333333327778 0.666666652222 3.33333324444e-09 3.33333324444e-09 3.33333324444e-09 3.33333324444e-09
9.9999992e-09 9.9999992e-09 9.9999992e-09 9.9999992e-09 9.9999992e-09 9.9999992e-09 0.99999993 9.9999992e-09
0.125 0.125 0.125 0.125 0.125 0.125 0.125 0.125
0.125 0.125 0.125 0.125 0.125 0.125 0.125 0.125
0.125 0.125 0.125 0.125 0.125 0.125 0.125 0.125
0.666666652222 3.33333324444e-09 3.33333324444e-09 3.33333324444e-09 3.33333324444e-09 3.33333324444e-09 0.333333327778 3.33333324444e-09
2.49999995e-09 0.9999999825 2.49999995e-09 2.49999995e-09 2.49999995e-09 2.49999995e-09 2.49999995e-09 2.49999995e-09
3.33333324444e-09 3.33333324444e-09 0.999999976667 3.33333324444e-09 3.33333324444e-09 3.33333324444e-09 3.33333324444e-09 3.33333324444e-09
3.33333324444e-09 0.999999976667 3.33333324444e-09 3.33333324444e-09 3.33333324444e-09 3.33333324444e-09 3.33333324444e-09 3.33333324444e-09
1.999999968e-09 1.999999968e-09 1.999999968e-09 1.999999968e-09 0.999999986 1.999999968e-09 1.999999968e-09 1.999999968e-09
3.33333324444e-09 3.33333324444e-09 3.33333324444e-09 3.33333324444e-09 3.33333324444e-09 0.999999976667 3.33333324444e-09 3.33333324444e-09
2.49999995e-09 2.49999995e-09 2.49999995e-09 2.49999995e-09 2.49999995e-09 2.49999995e-09 0.9999999825 2.49999995e-09
1.42857141224e-09 1.42857141224e-09 1.42857141224e-09 1.42857141224e-09 0.142857142653 0.285714283878 0.285714283878 0.285714283878
0.333333327778 3.33333324444e-09 3.33333324444e-09 0.666666652222 3.33333324444e-09 3.33333324444e-09 3.33333324444e-09 3.33333324444e-09
1.999999968e-09 0.7999999892 0.1999999988 1.999999968e-09 1.999999968e-09 1.999999968e-09 1.999999968e-09 1.999999968e-09
3.33333324444e-09 0.999999976667 3.33333324444e-09 3.33333324444e-09 3.33333324444e-09 3.33333324444e-09 3.33333324444e-09 3.33333324444e-09
4.9999998e-09 0.499999985 4.9999998e-09 0.499999985 4.9999998e-09 4.9999998e-09 4.9999998e-09 4.9999998e-09
9.9999992e-09 9.9999992e-09 9.9999992e-09 9.9999992e-09 9.9999992e-09 9.9999992e-09 9.9999992e-09 0.99999993
2.49999995e-09 2.49999995e-09 2.49999995e-09 2.49999995e-09 2.49999995e-09 0.7499999875 0.2499999975 2.49999995e-09
9.9999992e-09 9.9999992e-09 9.9999992e-09 9.9999992e-09 9.9999992e-09 9.9999992e-09 0.99999993 9.9999992e-09
1.999999968e-09 1.999999968e-09 1.999999968e-09 1.999999968e-09 0.1999999988 1.999999968e-09 0.3999999956 0.3999999956
0.125 0.125 0.125 0.125 0.125 0.125 0.125 0.125
0.125 0.125 0.125 0.125 0.125 0.125 0.125 0.125
4.9999998e-09 0.499999985 0.499999985 4.9999998e-09 4.9999998e-09 4.9999998e-09 4.9999998e-09 4.9999998e-09
9.9999992e-09 0.99999993 9.9999992e-09 9.9999992e-09 9.9999992e-09 9.9999992e-09 9.9999992e-09 9.9999992e-09
9.9999992e-09 9.9999992e-09 9.9999992e-09 9.9999992e-09 9.9999992e-09 9.9999992e-09 0.99999993 9.9999992e-09
0.125 0.125 0.125 0.125 0.125 0.125 0.125 0.125
4.9999998e-09 4.9999998e-09 4.9999998e-09 4.9999998e-09 4.9999998e-09 0.499999985 0.499999985 4.9999998e-09
4.9999998e-09 4.9999998e-09 4.9999998e-09 4.9999998e-09 0.499999985 4.9999998e-09 4.9999998e-09 0.499999985
0.125 0.125 0.125 0.125 0.125 0.125 0.125 0.125
0.125 0.125 0.125 0.125 0.125 0.125 0.125 0.125
0.125 0.125 0.125 0.125 0.125 0.125 0.125 0.125
0.125 0.125 0.125 0.125 0.125 0.125 0.125 0.125
0.125 0.125 0.125 0.125 0.125 0.125 0.125 0.125
0.125 0.125 0.125 0.125 0.125 0.125 0.125 0.125
0.125 0.125 0.125 0.125 0.125 0.125 0.125 0.125
0.125 0.125 0.125 0.125 0.125 0.125 0.125 0.125
0.125 0.125 0.125 0.125 0.125 0.125 0.125 0.125
2.49999995e-09 0.9999999825 2.49999995e-09 2.49999995e-09 2.49999995e-09 2.49999995e-09 2.49999995e-09 2.49999995e-09
9.9999992e-09 9.9999992e-09 0.99999993 9.9999992e-09 9.9999992e-09 9.9999992e-09 9.9999992e-09 9.9999992e-09
0.125 0.125 0.125 0.125 0.125 0.125 0.125 0.125
9.9999992e-09 9.9999992e-09 9.9999992e-09 9.9999992e-09 0.99999993 9.9999992e-09 9.9999992e-09 9.9999992e-09
1.999999968e-09 1.999999968e-09 1.999999968e-09 1.999999968e-09 1.999999968e-09 0.999999986 1.999999968e-09 1.999999968e-09
0.125 0.125 0.125 0.125 0.125 0.125 0.125 0.125
4.9999998e-09 4.9999998e-09 4.9999998e-09 4.9999998e-09 4.9999998e-09 4.9999998e-09 4.9999998e-09 0.999999965
0.125 0.125 0.125 0.125 0.125 0.125 0.125 0.125
0.125 0.125 0.125 0.125 0.125 0.125 0.125 0.125
9.9999992e-09 9.9999992e-09 0.99999993 9.9999992e-09 9.9999992e-09 9.9999992e-09 9.9999992e-09 9.9999992e-09
0.125 0.125 0.125 0.125 0.125 0.125 0.125 0.125
9.9999992e-09 9.9999992e-09 9.9999992e-09 9.9999992e-09 0.99999993 9.9999992e-09 9.9999992e-09 9.9999992e-09
9.9999992e-09 9.9999992e-09 9.9999992e-09 9.9999992e-09 9.9999992e-09 0.99999993 9.9999992e-09 9.9999992e-09
4.9999998e-09 4.9999998e-09 4.9999998e-09 4.9999998e-09 4.9999998e-09 4.9999998e-09 0.999999965 4.9999998e-09
9.9999992e-09 9.9999992e-09 9.9999992e-09 9.9999992e-09 9.9999992e-09 0.99999993 9.9999992e-09 9.9999992e-09
0.499999985 0.499999985 4.9999998e-09 4.9999998e-09 4.9999998e-09 4.9999998e-09 4.9999998e-09 4.9999998e-09
9.9999992e-09 0.99999993 9.9999992e-09 9.9999992e-09 9.9999992e-09 9.9999992e-09 9.9999992e-09 9.9999992e-09
9.9999992e-09 0.99999993 9.9999992e-09 9.9999992e-09 9.9999992e-09 9.9999992e-09 9.9999992e-09 9.9999992e-09
2.49999995e-09 0.2499999975 2.49999995e-09 0.7499999875 2.49999995e-09 2.49999995e-09 2.49999995e-09 2.49999995e-09
0.125 0.125 0.125 0.125 0.125 0.125 0.125 0.125
4.9999998e-09 4.9999998e-09 4.9999998e-09 4.9999998e-09 4.9999998e-09 0.999999965 4.9999998e-09 4.9999998e-09
0.125 0.125 0.125 0.125 0.125 0.125 0.125 0.125
9.9999992e-09 9.9999992e-09 9.9999992e-09 9.9999992e-09 0.99999993 9.9999992e-09 9.9999992e-09 9.9999992e-09
0.99999993 9.9999992e-09 9.9999992e-09 9.9999992e-09 9.9999992e-09 9.9999992e-09 9.9999992e-09 9.9999992e-09
9.9999992e-09 9.9999992e-09 0.99999993 9.9999992e-09 9.9999992e-09 9.9999992e-09 9.9999992e-09 9.9999992e-09
9.9999992e-09 9.9999992e-09 0.99999993 9.9999992e-09 9.9999992e-09 9.9999992e-09 9.9999992e-09 9.9999992e-09
0.125 0.125 0.125 0.125 0.125 0.125 0.125 0.125
0.125 0.125 0.125 0.125 0.125 0.125 0.125 0.125
0.125 0.125 0.125 0.125 0.125 0.125 0.125 0.125
0.125 0.125 0.125 0.125 0.125 0.125 0.125 0.125
9.9999992e-09 9.9999992e-09 9.9999992e-09 9.9999992e-09 9.9999992e-09 9.9999992e-09 9.9999992e-09 0.99999993
0.125 0.125 0.125 0.125 0.125 0.125 0.125 0.125
4.9999998e-09 4.9999998e-09 0.499999985 0.499999985 4.9999998e-09 4.9999998e-09 4.9999998e-09 4.9999998e-09
0.125 0.125 0.125 0.125 0.125 0.125 0.125 0.125
0.125 0.125 0.125 0.125 0.125 0.125 0.125 0.125
4.9999998e-09 4.9999998e-09 4.9999998e-09 4.9999998e-09 0.999999965 4.9999998e-09 4.9999998e-09 4.9999998e-09
0.125 0.125 0.125 0.125 0.125 0.125 0.125 0.125
9.9999992e-09 9.9999992e-09 9.9999992e-09 9.9999992e-09 9.9999992e-09 9.9999992e-09 0.99999993 9.9999992e-09
9.9999992e-09 9.9999992e-09 9.9999992e-09 9.9999992e-09 9.9999992e-09 9.9999992e-09 9.9999992e-09 0.99999993
0.125 0.125 0.125 0.125 0.125 0.125 0.125 0.125
9.9999992e-09 9.9999992e-09 0.99999993 9.9999992e-09 9.9999992e-09 9.9999992e-09 9.9999992e-09 9.9999992e-09
0.125 0.125 0.125 0.125 0.125 0.125 0.125 0.125
0.125 0.125 0.125 0.125 0.125 0.125 0.125 0.125
9.9999992e-09 9.9999992e-09 9.9999992e-09 9.9999992e-09 9.9999992e-09 9.9999992e-09 0.99999993 9.9999992e-09
0.125 0.125 0.125 0.125 0.125 0.125 0.125 0.125
0.125 0.125 0.125 0.125 0.125 0.125 0.125 0.125
4.9999998e-09 4.9999998e-09 4.9999998e-09 4.9999998e-09 4.9999998e-09 4.9999998e-09 0.999999965 4.9999998e-09
0.125 0.125 0.125 0.125 0.125 0.125 0.125 0.125
0.125 0.125 0.125 0.125 0.125 0.125 0.125 0.125
0.125 0.125 0.125 0.125 0.125 0.125 0.125 0.125
0.125 0.125 0.125 0.125 0.125 0.125 0.125 0.125
0.125 0.125 0.125 0.125 0.125 0.125 0.125 0.125
0.125 0.125 0.125 0.125 0.125 0.125 0.125 0.125
0.125 0.125 0.125 0.125 0.125 0.125 0.125 0.125
0.125 0.125 0.125 0.125 0.125 0.125 0.125 0.125
0.125 0.125 0.125 0.125 0.125 0.125 0.125 0.125
0.125 0.125 0.125 0.125 0.125 0.125 0.125 0.125
0.125 0.125 0.125 0.125 0.125 0.125 0.125 0.125
0.125 0.125 0.125 0.125 0.125 0.125 0.125 0.125
0.125 0.125 0.125 0.125 0.125 0.125 0.125 0.125
0.125 0.125 0.125 0.125 0.125 0.125 0.125 0.125
0.125 0.125 0.125 0.125 0.125 0.125 0.125 0.125
0.125 0.125 0.125 0.125 0.125 0.125 0.125 0.125
0.125 0.125 0.125 0.125 0.125 0.125 0.125 0.125
9.9999992e-09 9.9999992e-09 9.9999992e-09 0.99999993 9.9999992e-09 9.9999992e-09 9.9999992e-09 9.9999992e-09
0.125 0.125 0.125 0.125 0.125 0.125 0.125 0.125
0.125 0.125 0.125 0.125 0.125 0.125 0.125 0.125
0.125 0.125 0.125 0.125 0.125 0.125 0.125 0.125
0.125 0.125 0.125 0.125 0.125 0.125 0.125 0.125
0.125 0.125 0.125 0.125 0.125 0.125 0.125 0.125
3.33333324444e-09 3.33333324444e-09 3.33333324444e-09 3.33333324444e-09 3.33333324444e-09 0.333333327778 0.666666652222 3.33333324444e-09
0.125 0.125 0.125 0.125 0.125 0.125 0.125 0.125
0.125 0.125 0.125 0.125 0.125 0.125 0.125 0.125
9.9999992e-09 9.9999992e-09 0.99999993 9.9999992e-09 9.9999992e-09 9.9999992e-09 9.9999992e-09 9.9999992e-09
0.125 0.125 0.125 0.125 0.125 0.125 0.125 0.125
9.9999992e-09 9.9999992e-09 9.9999992e-09 9.9999992e-09 0.99999993 9.9999992e-09 9.9999992e-09 9.9999992e-09
0.125 0.125 0.125 0.125 0.125 0.125 0.125 0.125
9.9999992e-09 9.9999992e-09 9.9999992e-09 9.9999992e-09 9.9999992e-09 9.9999992e-09 0.99999993 9.9999992e-09
4.9999998e-09 4.9999998e-09 4.9999998e-09 4.9999998e-09 4.9999998e-09 4.9999998e-09 4.9999998e-09 0.999999965
0.125 0.125 0.125 0.125 0.125 0.125 0.125 0.125
0.125 0.125 0.125 0.125 0.125 0.125 0.125 0.125
0.125 0.125 0.125 0.125 0.125 0.125 0.125 0.125
0.125 0.125 0.125 0.125 0.125 0.125 0.125 0.125
0.125 0.125 0.125 0.125 0.125 0.125 0.125 0.125
0.125 0.125 0.125 0.125 0.125 0.125 0.125 0.125
0.125 0.125 0.125 0.125 0.125 0.125 0.125 0.125
3.33333324444e-09 3.33333324444e-09 3.33333324444e-09 3.33333324444e-09 0.333333327778 3.33333324444e-09 0.333333327778 0.333333327778
0.125 0.125 0.125 0.125 0.125 0.125 0.125 0.125
9.9999992e-09 9.9999992e-09 9.9999992e-09 0.99999993 9.9999992e-09 9.9999992e-09 9.9999992e-09 9.9999992e-09
9.9999992e-09 9.9999992e-09 0.99999993 9.9999992e-09 9.9999992e-09 9.9999992e-09 9.9999992e-09 9.9999992e-09
4.9999998e-09 4.9999998e-09 4.9999998e-09 0.999999965 4.9999998e-09 4.9999998e-09 4.9999998e-09 4.9999998e-09
4.9999998e-09 4.9999998e-09 4.9999998e-09 4.9999998e-09 0.999999965 4.9999998e-09 4.9999998e-09 4.9999998e-09
0.125 0.125 0.125 0.125 0.125 0.125 0.125 0.125
0.125 0.125 0.125 0.125 0.125 0.125 0.125 0.125
0.125 0.125 0.125 0.125 0.125 0.125 0.125 0.125
0.125 0.125 0.125 0.125 0.125 0.125 0.125 0.125
0.125 0.125 0.125 0.125 0.125 0.125 0.125 0.125
0.125 0.125 0.125 0.125 0.125 0.125 0.125 0.125
0.125 0.125 0.125 0.125 0.125 0.125 0.125 0.125
0.125 0.125 0.125 0.125 0.125 0.125 0.125 0.125
0.125 0.125 0.125 0.125 0.125 0.125 0.125 0.125
0.125 0.125 0.125 0.125 0.125 0.125 0.125 0.125
0.125 0.125 0.125 0.125 0.125 0.125 0.125 0.125
0.125 0.125 0.125 0.125 0.125 0.125 0.125 0.125
9.9999992e-09 9.9999992e-09 0.99999993 9.9999992e-09 9.9999992e-09 9.9999992e-09 9.9999992e-09 9.9999992e-09
9.9999992e-09 0.99999993 9.9999992e-09 9.9999992e-09 9.9999992e-09 9.9999992e-09 9.9999992e-09 9.9999992e-09
9.9999992e-09 9.9999992e-09 9.9999992e-09 0.99999993 9.9999992e-09 9.9999992e-09 9.9999992e-09 9.9999992e-09
0.125 0.125 0.125 0.125 0.125 0.125 0.125 0.125
0.125 0.125 0.125 0.125 0.125 0.125 0.125 0.125
9.9999992e-09 9.9999992e-09 9.9999992e-09 9.9999992e-09 9.9999992e-09 9.9999992e-09 0.99999993 9.9999992e-09
4.9999998e-09 4.9999998e-09 4.9999998e-09 4.9999998e-09 4.9999998e-09 4.9999998e-09 4.9999998e-09 0.999999965
0.125 0.125 0.125 0.125 0.125 0.125 0.125 0.125
0.125 0.125 0.125 0.125 0.125 0.125 0.125 0.125
0.125 0.125 0.125 0.125 0.125 0.125 0.125 0.125
0.125 0.125 0.125 0.125 0.125 0.125 0.125 0.125
0.125 0.125 0.125 0.125 0.125 0.125 0.125 0.125
0.125 0.125 0.125 0.125 0.125 0.125 0.125 0.125
0.125 0.125 0.125 0.125 0.125 0.125 0.125 0.125
0.125 0.125 0.125 0.125 0.125 0.125 0.125 0.125
0.125 0.125 0.125 0.125 0.125 0.125 0.125 0.125
0.125 0.125 0.125 0.125 0.125 0.125 0.125 0.125
0.125 0.125 0.125 0.125 0.125 0.125 0.125 0.125
0.125 0.125 0.125 0.125 0.125 0.125 0.125 0.125
0.125 0.125 0.125 0.125 0.125 0.125 0.125 0.125
0.125 0.125 0.125 0.125 0.125 0.125 0.125 0.125
0.125 0.125 0.125 0.125 0.125 0.125 0.125 0.125
0.125 0.125 0.125 0.125 0.125 0.125 0.125 0.125
0.125 0.125 0.125 0.125 0.125 0.125 0.125 0.125
0.125 0.125 0.125 0.125 0.125 0.125 0.125 0.125
0.125 0.125 0.125 0.125 0.125 0.125 0.125 0.125
0.125 0.125 0.125 0.125 0.125 0.125 0.125 0.125
0.125 0.125 0.125 0.125 0.125 0.125 0.125 0.125
0.125 0.125 0.125 0.125 0.125 0.125 0.125 0.125
0.125 0.125 0.125 0.125 0.125 0.125 0.125 0.125
0.125 0.125 0.125 0.125 0.125 0.125 0.125 0.125
0.125 0.125 0.125 0.125 0.125 0.125 0.125 0.125
9.9999992e-09 9.9999992e-09 9.9999992e-09 0.99999993 9.9999992e-09 9.9999992e-09 9.9999992e-09 9.9999992e-09
9.9999992e-09 0.99999993 9.9999992e-09 9.9999992e-09 9.9999992e-09 9.9999992e-09 9.9999992e-09 9.9999992e-09
0.125 0.125 0.125 0.125 0.125 0.125 0.125 0.125
9.9999992e-09 9.9999992e-09 9.9999992e-09 9.9999992e-09 0.99999993 9.9999992e-09 9.9999992e-09 9.9999992e-09
0.125 0.125 0.125 0.125 0.125 0.125 0.125 0.125
9.9999992e-09 9.9999992e-09 9.9999992e-09 9.9999992e-09 9.9999992e-09 9.9999992e-09 0.99999993 9.9999992e-09
0.125 0.125 0.125 0.125 0.125 0.125 0.125 0.125
0.125 0.125 0.125 0.125 0.125 0.125 0.125 0.125
0.125 0.125 0.125 0.125 0.125 0.125 0.125 0.125
0.125 0.125 0.125 0.125 0.125 0.125 0.125 0.125
0.125 0.125 0.125 0.125 0.125 0.125 0.125 0.125
0.125 0.125 0.125 0.125 0.125 0.125 0.125 0.125
0.125 0.125 0.125 0.125 0.125 0.125 0.125 0.125
0.125 0.125 0.125 0.125 0.125 0.125 0.125 0.125
0.125 0.125 0.125 0.125 0.125 0.125 0.125 0.125
0.125 0.125 0.125 0.125 0.125 0.125 0.125 0.125
0.125 0.125 0.125 0.125 0.125 0.125 0.125 0.125
0.125 0.125 0.125 0.125 0.125 0.125 0.125 0.125
0.125 0.125 0.125 0.125 0.125 0.125 0.125 0.125
0.125 0.125 0.125 0.125 0.125 0.125 0.125 0.125
0.125 0.125 0.125 0.125 0.125 0.125 0.125 0.125
0.125 0.125 0.125 0.125 0.125 0.125 0.125 0.125
0.125 0.125 0.125 0.125 0.125 0.125 0.125 0.125
0.125 0.125 0.125 0.125 0.125 0.125 0.125 0.125
0.125 0.125 0.125 0.125 0.125 0.125 0.125 0.125
0.125 0.125 0.125 0.125 0.125 0.125 0.125 0.125
0.125 0.125 0.125 0.125 0.125 0.125 0.125 0.125
0.125 0.125 0.125 0.125 0.125 0.125 0.125 0.125
0.125 0.125 0.125 0.125 0.125 0.125 0.125 0.125
0.125 0.125 0.125 0.125 0.125 0.125 0.125 0.125
0.125 0.125 0.125 0.125 0.125 0.125 0.125 0.125
0.125 0.125 0.125 0.125 0.125 0.125 0.125 0.125
0.125 0.125 0.125 0.125 0.125 0.125 0.125 0.125
0.125 0.125 0.125 0.125 0.125 0.125 0.125 0.125
0.125 0.125 0.125 0.125 0.125 0.125 0.125 0.125
0.125 0.125 0.125 0.125 0.125 0.125 0.125 0.125
0.125 0.125 0.125 0.125 0.125 0.125 0.125 0.125
0.125 0.125 0.125 0.125 0.125 0.125 0.125 0.125
0.125 0.125 0.125 0.125 0.125 0.125 0.125 0.125
0.125 0.125 0.125 0.125 0.125 0.125 0.125 0.125
0.125 0.125 0.125 0.125 0.125 0.125 0.125 0.125
0.125 0.125 0.125 0.125 0.125 0.125 0.125 0.125
0.125 0.125 0.125 0.125 0.125 0.125 0.125 0.125
0.125 0.125 0.125 0.125 0.125 0.125 0.125 0.125
0.125 0.125 0.125 0.125 0.125 0.125 0.125 0.125
0.125 0.125 0.125 0.125 0.125 0.125 0.125 0.125
0.125 0.125 0.125 0.125 0.125 0.125 0.125 0.125
0.125 0.125 0.125 0.125 0.125 0.125 0.125 0.125
0.125 0.125 0.125 0.125 0.125 0.125 0.125 0.125
0.125 0.125 0.125 0.125 0.125 0.125 0.125 0.125
0.125 0.125 0.125 0.125 0.125 0.125 0.125 0.125
0.125 0.125 0.125 0.125 0.125 0.125 0.125 0.125
0.125 0.125 0.125 0.125 0.125 0.125 0.125 0.125
0.125 0.125 0.125 0.125 0.125 0.125 0.125 0.125
0.125 0.125 0.125 0.125 0.125 0.125 0.125 0.125
0.125 0.125 0.125 0.125 0.125 0.125 0.125 0.125
0.125 0.125 0.125 0.125 0.125 0.125 0.125 0.125
0.125 0.125 0.125 0.125 0.125 0.125 0.125 0.125
0.125 0.125 0.125 0.125 0.125 0.125 0.125 0.125
0.125 0.125 0.125 0.125 0.125 0.125 0.125 0.125
0.125 0.125 0.125 0.125 0.125 0.125 0.125 0.125
0.125 0.125 0.125 0.125 0.125 0.125 0.125 0.125
0.125 0.125 0.125 0.125 0.125 0.125 0.125 0.125
0.125 0.125 0.125 0.125 0.125 0.125 0.125 0.125
0.125 0.125 0.125 0.125 0.125 0.125 0.125 0.125
0.125 0.125 0.125 0.125 0.125 0.125 0.125 0.125
0.125 0.125 0.125 0.125 0.125 0.125 0.125 0.125
0.125 0.125 0.125 0.125 0.125 0.125 0.125 0.125
0.125 0.125 0.125 0.125 0.125 0.125 0.125 0.125
0.125 0.125 0.125 0.125 0.125 0.125 0.125 0.125
0.125 0.125 0.125 0.125 0.125 0.125 0.125 0.125
0.125 0.125 0.125 0.125 0.125 0.125 0.125 0.125
0.125 0.125 0.125 0.125 0.125 0.125 0.125 0.125
0.125 0.125 0.125 0.125 0.125 0.125 0.125 0.125
0.125 0.125 0.125 0.125 0.125 0.125 0.125 0.125
0.125 0.125 0.125 0.125 0.125 0.125 0.125 0.125
0.125 0.125 0.125 0.125 0.125 0.125 0.125 0.125
0.125 0.125 0.125 0.125 0.125 0.125 0.125 0.125
0.125 0.125 0.125 0.125 0.125 0.125 0.125 0.125
